2.3559989000000003
2.438764633333334
2.4469089666666672
2.448508966666667
2.451142233333334
2.4544977666666674
2.4549644333333345
2.4563978000000004
2.459597733333334
2.4669977000000003
2.4713976333333334
2.4734976666666664
2.4779644
2.4875643000000003
2.4946642666666667
2.5023642333333336
2.5127976000000003
2.5298200000000004
2.541853333333334
2.562886766666667
2.580998033333335
2.595609300000001
2.600742733333334
2.6188649333333336
2.6376762000000005
2.6577430666666677
2.6819096000000004
2.700876333333334
2.7098762666666674
2.7209762666666677
2.728987433333334
2.7402207666666674
2.7481543000000013
2.759154500000001
2.7716545666666677
2.786188100000001
2.8000882000000002
2.820288233333334
2.8264883666666667
2.837377366666667
2.8490219
2.8601552333333333
2.870988566666667
2.8782554000000005
2.8856110333333334
2.8944889000000007
2.901655633333334
2.9079334000000006
2.9106335000000008
2.9153002999999997
2.9201671333333334
2.9239338999999998
2.9303672999999995
2.9339340666666667
2.941567533333333
2.9481341999999993
2.9562673666666663
2.9629671999999996
2.970667333333333
2.9776339333333324
2.9828339666666666
2.9861006333333333
2.9925007000000003
2.996134100000001
3.0017341333333336
3.0046007000000006
3.0113007000000005
3.0162562666666672
3.0184562666666674
3.0207895333333337
3.021789533333334
3.022256200000001
3.023089566666668
3.0251229333333343
3.026656300000001
3.0282896666666677
3.0308230666666676
3.033789733333334
3.036589700000001
3.0385564666666673
3.0415565000000004
3.0445010333333333
3.0453010333333337
3.0470676666666665
3.0485676666666675
3.0499009666666668
3.0525342666666675
3.0542343
3.0558343333333338
3.0578009666666675
3.059500966666667
3.0606010333333336
3.061801033333333
3.063901033333333
3.0649343333333334
3.066467666666667
3.0703011000000004
3.0724344333333335
3.0747343999999996
3.0784344000000003
