
Run 1
1600 	3.024001 	3.400000
3200 	3.168332 	3.400000
4800 	3.272999 	3.400000
6400 	3.271332 	3.400000
8000 	3.281998 	3.400000
9600 	3.206999 	3.400000
11200 	3.097001 	3.400000

Run 2
1600 	3.045000 	3.400000
3200 	3.186999 	3.400000
4800 	3.252999 	3.400000
6400 	3.265333 	3.400000
8000 	3.314999 	3.400000
9600 	3.315999 	3.400000
11200 	3.290665 	3.400000

Run 3
1600 	3.090001 	3.400000
3200 	3.209665 	3.400000
4800 	3.292331 	3.400000
6400 	3.306331 	3.400000
8000 	3.298997 	3.400000
9600 	3.285997 	3.400000
11200 	3.256665 	3.400000

Run 4
1600 	3.124999 	3.400000
3200 	3.162667 	3.400000
4800 	3.184333 	3.400000
6400 	3.198665 	3.400000
8000 	3.171665 	3.400000
9600 	3.112999 	3.400000
11200 	3.119332 	3.400000

Run 5
1600 	3.103667 	3.400000
3200 	3.242332 	3.400000
4800 	3.299331 	3.400000
6400 	3.298998 	3.400000
8000 	3.304331 	3.400000
9600 	3.253998 	3.400000
11200 	3.300331 	3.400000

Run 6
1600 	3.077333 	3.400000
3200 	3.171999 	3.400000
4800 	3.262665 	3.400000
6400 	3.333997 	3.400000
8000 	3.286664 	3.400000
9600 	3.334997 	3.400000
11200 	3.302331 	3.400000

Run 7
1600 	3.042332 	3.400000
3200 	3.226664 	3.400000
4800 	3.363330 	3.400000
6400 	3.360997 	3.400000
8000 	3.351997 	3.400000
9600 	3.350998 	3.400000
11200 	3.347998 	3.400000

Run 8
1600 	3.044333 	3.400000
3200 	3.173332 	3.400000
4800 	3.208332 	3.400000
6400 	3.224665 	3.400000
8000 	3.262665 	3.400000
9600 	3.279665 	3.400000
11200 	3.234998 	3.400000

Run 9
1600 	3.052666 	3.400000
3200 	3.168998 	3.400000
4800 	3.164998 	3.400000
6400 	3.132998 	3.400000
8000 	3.181665 	3.400000
9600 	3.136332 	3.400000
11200 	3.089333 	3.400000

Run 10
1600 	3.006335 	3.400000
3200 	3.188999 	3.400000
4800 	3.249665 	3.400000
6400 	3.264331 	3.400000
8000 	3.313331 	3.400000
9600 	3.330997 	3.400000
11200 	3.313998 	3.400000

Run 11
1600 	3.121999 	3.400000
3200 	3.251332 	3.400000
4800 	3.269665 	3.400000
6400 	3.275998 	3.400000
8000 	3.235998 	3.400000
9600 	3.267999 	3.400000
11200 	3.269999 	3.400000

Run 12
1600 	3.039333 	3.400000
3200 	3.127333 	3.400000
4800 	3.200998 	3.400000
6400 	3.198665 	3.400000
8000 	3.179332 	3.400000
9600 	3.175999 	3.400000
11200 	3.085667 	3.400000

Run 13
1600 	2.992667 	3.400000
3200 	3.100667 	3.400000
4800 	3.180666 	3.400000
6400 	3.230332 	3.400000
8000 	3.269665 	3.400000
9600 	3.232665 	3.400000
11200 	3.281332 	3.400000

Run 14
1600 	3.007001 	3.400000
3200 	3.181665 	3.400000
4800 	3.262665 	3.400000
6400 	3.282331 	3.400000
8000 	3.283331 	3.400000
9600 	3.195330 	3.400000
11200 	3.135664 	3.400000

Run 15
1600 	3.119333 	3.400000
3200 	3.277998 	3.400000
4800 	3.344331 	3.400000
6400 	3.333998 	3.400000
8000 	3.340998 	3.400000
9600 	3.322331 	3.400000
11200 	3.354331 	3.400000

Run 16
1600 	3.071332 	3.400000
3200 	3.227665 	3.400000
4800 	3.318332 	3.400000
6400 	3.327998 	3.400000
8000 	3.348998 	3.400000
9600 	3.343998 	3.400000
11200 	3.315998 	3.400000

Run 17
1600 	3.095334 	3.400000
3200 	3.179666 	3.400000
4800 	3.278332 	3.400000
6400 	3.284665 	3.400000
8000 	3.247331 	3.400000
9600 	3.256997 	3.400000
11200 	3.264664 	3.400000

Run 18
1600 	2.930668 	3.400000
3200 	3.138332 	3.400000
4800 	3.209665 	3.400000
6400 	3.204664 	3.400000
8000 	3.159997 	3.400000
9600 	3.091664 	3.400000
11200 	2.869333 	3.400000

Run 19
1600 	3.020333 	3.400000
3200 	3.210664 	3.400000
4800 	3.218665 	3.400000
6400 	3.235664 	3.400000
8000 	3.207331 	3.400000
9600 	3.093333 	3.400000
11200 	2.951667 	3.400000

Run 20
1600 	3.061666 	3.400000
3200 	3.190665 	3.400000
4800 	3.224998 	3.400000
6400 	3.252331 	3.400000
8000 	3.307998 	3.400000
9600 	3.308332 	3.400000
11200 	3.300332 	3.400000

Run 21
1600 	3.102667 	3.400000
3200 	3.265665 	3.400000
4800 	3.320998 	3.400000
6400 	3.338997 	3.400000
8000 	3.351997 	3.400000
9600 	3.322997 	3.400000
11200 	3.331664 	3.400000

Run 22
1600 	3.004001 	3.400000
3200 	3.210332 	3.400000
4800 	3.318665 	3.400000
6400 	3.357997 	3.400000
8000 	3.368997 	3.400000
9600 	3.369997 	3.400000
11200 	3.296331 	3.400000

Run 23
1600 	3.075000 	3.400000
3200 	3.147333 	3.400000
4800 	3.243331 	3.400000
6400 	3.307331 	3.400000
8000 	3.337997 	3.400000
9600 	3.325330 	3.400000
11200 	3.353330 	3.400000

Run 24
1600 	2.961334 	3.400000
3200 	3.144665 	3.400000
4800 	3.266999 	3.400000
6400 	3.272999 	3.400000
8000 	3.279333 	3.400000
9600 	3.268666 	3.400000
11200 	3.246666 	3.400000

Run 25
1600 	3.127333 	3.400000
3200 	3.244998 	3.400000
4800 	3.283664 	3.400000
6400 	3.273664 	3.400000
8000 	3.305998 	3.400000
9600 	3.349997 	3.400000
11200 	3.343997 	3.400000

Run 26
1600 	3.036000 	3.400000
3200 	3.194332 	3.400000
4800 	3.219332 	3.400000
6400 	3.238998 	3.400000
8000 	3.221665 	3.400000
9600 	3.200999 	3.400000
11200 	3.123333 	3.400000

Run 27
1600 	3.134332 	3.400000
3200 	3.188332 	3.400000
4800 	3.208665 	3.400000
6400 	3.212665 	3.400000
8000 	3.185997 	3.400000
9600 	3.173997 	3.400000
11200 	3.112998 	3.400000

Run 28
1600 	3.052666 	3.400000
3200 	3.182999 	3.400000
4800 	3.151000 	3.400000
6400 	3.140000 	3.400000
8000 	3.060334 	3.400000
9600 	3.013001 	3.400000
11200 	2.994667 	3.400000

Run 29
1600 	3.089665 	3.400000
3200 	3.271331 	3.400000
4800 	3.327331 	3.400000
6400 	3.312331 	3.400000
8000 	3.288332 	3.400000
9600 	3.296998 	3.400000
11200 	3.324998 	3.400000

Run 30
1600 	3.083000 	3.400000
3200 	3.151664 	3.400000
4800 	3.242998 	3.400000
6400 	3.215331 	3.400000
8000 	3.162665 	3.400000
9600 	3.045334 	3.400000
11200 	2.782335 	3.400000
