
Run 1
550 	-0.896000 	3.000000
1100 	-0.530666 	3.000000
1650 	-0.510000 	3.000000
2200 	-0.156666 	3.000000
2750 	-0.671333 	3.000000
3300 	-0.377334 	3.000000
3850 	-0.257334 	3.000000
4400 	-0.524000 	3.000000
4950 	-0.849334 	3.000000
5500 	-0.934667 	-0.600000
6050 	-0.918667 	-0.600000
6600 	-0.733334 	-0.600000
7150 	-0.651334 	-0.600000
7700 	-0.650667 	-0.600000
8250 	-0.628000 	-0.600000
8800 	-0.624667 	-0.600000
9350 	-0.600000 	-0.600000
9900 	-0.600000 	-0.600000
10450 	-0.618000 	-0.600000

