
Run 1
1600 	1.846666 	3.000000
3200 	1.796667 	3.000000
4800 	1.891000 	3.000000
6400 	1.990333 	3.000000
8000 	1.914666 	3.000000
9600 	1.924666 	3.000000
11200 	1.870000 	3.000000

Run 2
1600 	1.884999 	3.000000
3200 	1.837666 	3.000000
4800 	1.817333 	3.000000
6400 	1.827000 	3.000000
8000 	1.854333 	3.000000
9600 	1.829000 	3.000000
11200 	1.789333 	3.000000

Run 3
1600 	1.935333 	3.000000
3200 	1.963666 	3.000000
4800 	1.957333 	3.000000
6400 	1.948000 	3.000000
8000 	1.982000 	3.000000
9600 	1.969000 	3.000000
11200 	2.014334 	3.000000

Run 4
1600 	1.990667 	3.000000
3200 	2.008667 	3.000000
4800 	1.995000 	3.000000
6400 	2.013667 	3.000000
8000 	1.993333 	3.000000
9600 	2.013000 	3.000000
11200 	2.010667 	3.000000

Run 5
1600 	1.835333 	3.000000
3200 	1.774000 	3.000000
4800 	1.770667 	3.000000
6400 	1.754667 	3.000000
8000 	1.815000 	3.000000
9600 	1.865000 	3.000000
11200 	1.914667 	3.000000

Run 6
1600 	1.814667 	3.000000
3200 	1.790667 	3.000000
4800 	1.781000 	3.000000
6400 	1.827667 	3.000000
8000 	1.824334 	3.000000
9600 	1.931667 	3.000000
11200 	1.948333 	3.000000

Run 7
1600 	2.084000 	3.000000
3200 	2.016666 	3.000000
4800 	2.041333 	3.000000
6400 	2.108000 	3.000000
8000 	2.081000 	3.000000
9600 	2.081666 	3.000000
11200 	2.062000 	3.000000

Run 8
1600 	1.846334 	3.000000
3200 	1.765667 	3.000000
4800 	1.803000 	3.000000
6400 	1.781333 	3.000000
8000 	1.766000 	3.000000
9600 	1.753000 	3.000000
11200 	1.764000 	3.000000

Run 9
1600 	1.846000 	3.000000
3200 	1.839666 	3.000000
4800 	1.870666 	3.000000
6400 	1.830667 	3.000000
8000 	1.859667 	3.000000
9600 	1.862666 	3.000000
11200 	1.898000 	3.000000

Run 10
1600 	1.784667 	3.000000
3200 	1.815333 	3.000000
4800 	1.896667 	3.000000
6400 	1.873667 	3.000000
8000 	1.757667 	3.000000
9600 	1.729333 	3.000000
11200 	1.747333 	3.000000

Run 11
1600 	1.851667 	3.000000
3200 	1.814333 	3.000000
4800 	1.800333 	3.000000
6400 	1.795000 	3.000000
8000 	1.773000 	3.000000
9600 	1.795667 	3.000000
11200 	1.760000 	3.000000

Run 12
1600 	1.815333 	3.000000
3200 	1.759000 	3.000000
4800 	1.781667 	3.000000
6400 	1.812333 	3.000000
8000 	1.776333 	3.000000
9600 	1.826000 	3.000000
11200 	1.814667 	3.000000

Run 13
1600 	1.818667 	3.000000
3200 	1.803667 	3.000000
4800 	1.783000 	3.000000
6400 	1.807333 	3.000000
8000 	1.897667 	3.000000
9600 	1.954667 	3.000000
11200 	1.930000 	3.000000

Run 14
1600 	1.777333 	3.000000
3200 	1.675666 	3.000000
4800 	1.631000 	3.000000
6400 	1.721000 	3.000000
8000 	1.732333 	3.000000
9600 	1.841667 	3.000000
11200 	1.895333 	3.000000

Run 15
1600 	1.747000 	3.000000
3200 	1.721333 	3.000000
4800 	1.734667 	3.000000
6400 	1.865000 	3.000000
8000 	1.853666 	3.000000
9600 	1.752333 	3.000000
11200 	1.654333 	3.000000

Run 16
1600 	1.720000 	3.000000
3200 	1.633667 	3.000000
4800 	1.624667 	3.000000
6400 	1.629000 	3.000000
8000 	1.664000 	3.000000
9600 	1.714000 	3.000000
11200 	1.725000 	3.000000

Run 17
1600 	1.771000 	3.000000
3200 	1.727667 	3.000000
4800 	1.731667 	3.000000
6400 	1.755000 	3.000000
8000 	1.799000 	3.000000
9600 	1.829333 	3.000000
11200 	1.884667 	3.000000

Run 18
1600 	1.782000 	3.000000
3200 	1.769667 	3.000000
4800 	1.760666 	3.000000
6400 	1.822667 	3.000000
8000 	1.778333 	3.000000
9600 	1.759000 	3.000000
11200 	1.722667 	3.000000

Run 19
1600 	1.775333 	3.000000
3200 	1.699333 	3.000000
4800 	1.720000 	3.000000
6400 	1.770333 	3.000000
8000 	1.721000 	3.000000
9600 	1.781000 	3.000000
11200 	1.722333 	3.000000

Run 20
1600 	1.809000 	3.000000
3200 	1.738000 	3.000000
4800 	1.804000 	3.000000
6400 	1.899333 	3.000000
8000 	1.863333 	3.000000
9600 	1.862333 	3.000000
11200 	1.872333 	3.000000

Run 21
1600 	1.971667 	3.000000
3200 	1.974334 	3.000000
4800 	2.018000 	3.000000
6400 	2.006667 	3.000000
8000 	1.974000 	3.000000
9600 	1.960000 	3.000000
11200 	1.942000 	3.000000

Run 22
1600 	1.716333 	3.000000
3200 	1.636667 	3.000000
4800 	1.593667 	3.000000
6400 	1.616000 	3.000000
8000 	1.628667 	3.000000
9600 	1.617000 	3.000000
11200 	1.617000 	3.000000

Run 23
1600 	1.951334 	3.000000
3200 	1.890666 	3.000000
4800 	1.872000 	3.000000
6400 	1.833666 	3.000000
8000 	1.796667 	3.000000
9600 	1.791666 	3.000000
11200 	1.734000 	3.000000

Run 24
1600 	1.851000 	3.000000
3200 	1.860333 	3.000000
4800 	1.929000 	3.000000
6400 	2.007667 	3.000000
8000 	2.026334 	3.000000
9600 	1.971334 	3.000000
11200 	1.996000 	3.000000

Run 25
1600 	1.802667 	3.000000
3200 	1.820000 	3.000000
4800 	1.753000 	3.000000
6400 	1.768333 	3.000000
8000 	1.850000 	3.000000
9600 	1.844667 	3.000000
11200 	1.799667 	3.000000

Run 26
1600 	1.928000 	3.000000
3200 	1.861667 	3.000000
4800 	1.920000 	3.000000
6400 	1.876000 	3.000000
8000 	1.919667 	3.000000
9600 	1.970333 	3.000000
11200 	1.971667 	3.000000

Run 27
1600 	1.840334 	3.000000
3200 	1.782333 	3.000000
4800 	1.745667 	3.000000
6400 	1.825000 	3.000000
8000 	1.797000 	3.000000
9600 	1.821333 	3.000000
11200 	1.733667 	3.000000

Run 28
1600 	1.858333 	3.000000
3200 	1.861667 	3.000000
4800 	1.898333 	3.000000
6400 	2.008667 	3.000000
8000 	2.003000 	3.000000
9600 	1.913666 	3.000000
11200 	1.855667 	3.000000

Run 29
1600 	1.834000 	3.000000
3200 	1.785667 	3.000000
4800 	1.790000 	3.000000
6400 	1.829000 	3.000000
8000 	1.837667 	3.000000
9600 	1.746333 	3.000000
11200 	1.746333 	3.000000

Run 30
1600 	1.871333 	3.000000
3200 	1.891666 	3.000000
4800 	1.999333 	3.000000
6400 	2.059334 	3.000000
8000 	2.071667 	3.000000
9600 	2.004333 	3.000000
11200 	2.000334 	3.000000
