Config File Used:

Random_Seed 0
l 30
k 5
d 10
Runs 30
Fitness_Evaluations 10000
Log_File_Path logs/0
Solution_File_Path solutions/0
Population_Size 100
Children_Count 50
Parent_Selection Fitness_Proportional_Selection
Survival_Selection Truncation
Parsimony_Pressure_Penalty_Coefficent 0.000000
Termination_Convergence_Criterion 10000
Over_Selection 0.200000
Mutation_Rate 0.050000
K_Tournament_No_Replacement_K_Value 2

Result Log

Run 1
1600 	2.409010 	3.437000
3200 	1.903526 	2.877185
4800 	1.429796 	2.249858
6400 	1.208837 	1.656441
8000 	1.109452 	1.567031
9600 	1.180915 	1.686480
11200 	1.391058 	2.285639
Absolute Fitness 
3.400000

Run 2
1600 	2.327665 	3.717000
3200 	1.766870 	2.690366
4800 	1.449489 	2.138262
6400 	1.228020 	1.666246
8000 	1.180663 	1.606243
9600 	1.250215 	1.965432
11200 	1.176342 	1.746427
Absolute Fitness 
3.400000

Run 3
1600 	2.317157 	3.719000
3200 	1.818952 	2.514485
4800 	1.297150 	1.967366
6400 	1.246729 	1.686139
8000 	1.093588 	1.566031
9600 	1.145081 	1.805429
11200 	1.089400 	1.400034
Absolute Fitness 
3.400000

Run 4
1600 	2.304847 	3.557000
3200 	1.701914 	2.471685
4800 	1.395241 	2.408057
6400 	1.294840 	1.846548
8000 	1.237429 	1.666540
9600 	1.238120 	1.996885
11200 	1.156914 	1.495283
Absolute Fitness 
3.400000

Run 5
1600 	2.388730 	3.577000
3200 	1.814320 	2.691085
4800 	1.420463 	2.089371
6400 	1.202058 	1.966847
8000 	1.128254 	1.525435
9600 	1.212433 	1.865035
11200 	1.049422 	1.230981
Absolute Fitness 
3.400000

Run 6
1600 	2.048148 	3.417000
3200 	1.590756 	2.372885
4800 	1.488341 	2.367448
6400 	1.288070 	1.847538
8000 	1.241717 	1.986939
9600 	1.147493 	1.807930
11200 	1.113375 	1.525040
Absolute Fitness 
3.400000

Run 7
1600 	2.397012 	3.817000
3200 	1.906564 	3.011085
4800 	1.543616 	2.172563
6400 	1.204813 	1.809959
8000 	1.179189 	1.925136
9600 	1.256368 	2.006726
11200 	1.159397 	1.606030
Absolute Fitness 
3.400000

Run 8
1600 	2.416165 	4.053000
3200 	1.760740 	2.714385
4800 	1.578996 	2.507653
6400 	1.482416 	2.148544
8000 	1.256745 	1.626635
9600 	1.114799 	1.586033
11200 	1.223152 	1.805635
Absolute Fitness 
3.400000

Run 9
1600 	2.238367 	3.837000
3200 	1.685329 	2.493085
4800 	1.545433 	2.429580
6400 	1.328789 	1.889246
8000 	1.463430 	2.066352
9600 	1.346711 	2.067439
11200 	1.266459 	1.580842
Absolute Fitness 
3.400000

Run 10
1600 	2.336713 	3.797000
3200 	1.658668 	2.559925
4800 	1.559236 	2.467076
6400 	1.469664 	2.128934
8000 	1.365225 	2.047843
9600 	1.359940 	2.022032
11200 	1.373509 	2.329929
Absolute Fitness 
3.400000

Run 11
1600 	2.177798 	3.217000
3200 	1.691910 	2.494385
4800 	1.456775 	2.461831
6400 	1.214107 	1.635859
8000 	1.072406 	1.385735
9600 	1.216921 	1.870933
11200 	1.157958 	1.606225
Absolute Fitness 
3.400000

Run 12
1600 	2.232627 	3.697000
3200 	1.803891 	2.693085
4800 	1.507718 	2.213465
6400 	1.320173 	2.081766
8000 	1.368701 	2.001783
9600 	1.358341 	2.002256
11200 	1.393103 	1.941553
Absolute Fitness 
3.400000

Run 13
1600 	2.362064 	3.497000
3200 	2.008312 	3.056085
4800 	1.664979 	2.531163
6400 	1.529073 	2.187359
8000 	1.346385 	1.968658
9600 	1.235900 	1.617566
11200 	1.151783 	1.427730
Absolute Fitness 
3.400000

Run 14
1600 	2.418310 	3.797000
3200 	1.783655 	2.898985
4800 	1.556732 	2.451462
6400 	1.359663 	1.887068
8000 	1.137125 	1.627036
9600 	1.134611 	1.721808
11200 	1.151721 	1.612641
Absolute Fitness 
3.400000

Run 15
1600 	2.231232 	3.497000
3200 	1.750699 	2.558135
4800 	1.387389 	2.088473
6400 	1.171673 	1.805563
8000 	1.135174 	1.629028
9600 	1.175800 	1.667035
11200 	1.197408 	1.846035
Absolute Fitness 
3.400000

Run 16
1600 	2.324615 	3.555000
3200 	1.769390 	2.629685
4800 	1.424710 	1.928060
6400 	1.276042 	1.846496
8000 	1.202891 	1.807330
9600 	1.231027 	1.805630
11200 	1.173981 	1.590113
Absolute Fitness 
3.400000

Run 17
1600 	2.432803 	3.897000
3200 	1.858801 	3.169785
4800 	1.474679 	2.033467
6400 	1.308052 	2.266047
8000 	1.203095 	1.808245
9600 	1.118868 	1.501860
11200 	1.174435 	1.646625
Absolute Fitness 
3.400000

Run 18
1600 	2.356590 	3.437000
3200 	1.835152 	2.571785
4800 	1.461775 	2.231776
6400 	1.354466 	2.006042
8000 	1.111073 	1.409039
9600 	1.115923 	1.571806
11200 	1.235591 	1.786377
Absolute Fitness 
3.400000

Run 19
1600 	2.202587 	3.057000
3200 	1.780143 	2.792585
4800 	1.326037 	1.870755
6400 	1.155733 	1.627934
8000 	1.144244 	1.606431
9600 	1.156934 	1.685000
11200 	1.383344 	2.350734
Absolute Fitness 
3.400000

Run 20
1600 	2.344809 	3.577000
3200 	1.736132 	2.727885
4800 	1.409868 	2.708648
6400 	1.330132 	1.947854
8000 	1.209149 	1.826790
9600 	1.303434 	1.826733
11200 	1.272233 	1.687430
Absolute Fitness 
3.400000

Run 21
1600 	2.364455 	3.597000
3200 	1.647137 	2.790985
4800 	1.322569 	2.169061
6400 	1.177409 	1.606152
8000 	1.092922 	1.666532
9600 	1.039420 	1.265078
11200 	1.037099 	1.265025
Absolute Fitness 
3.400000

Run 22
1600 	2.532602 	3.857000
3200 	1.964029 	2.972185
4800 	1.524210 	2.270160
6400 	1.229184 	1.566252
8000 	1.100541 	1.585049
9600 	1.186726 	1.765729
11200 	1.107791 	1.590676
Absolute Fitness 
3.400000

Run 23
1600 	2.333469 	3.677000
3200 	1.808117 	2.672885
4800 	1.627340 	2.218750
6400 	1.296109 	1.889342
8000 	1.102265 	1.547042
9600 	1.188444 	1.806339
11200 	1.170110 	1.666335
Absolute Fitness 
3.400000

Run 24
1600 	2.437400 	3.725000
3200 	1.797448 	2.714715
4800 	1.490852 	2.089173
6400 	1.084488 	1.386541
8000 	1.267689 	1.885344
9600 	1.167875 	1.648003
11200 	1.253040 	2.055456
Absolute Fitness 
3.400000

Run 25
1600 	2.171142 	3.437000
3200 	1.649402 	2.849785
4800 	1.185165 	1.551942
6400 	1.170366 	1.865571
8000 	1.119152 	1.645035
9600 	1.088217 	1.347032
11200 	1.040404 	1.406735
Absolute Fitness 
3.400000

Run 26
1600 	2.280537 	3.577000
3200 	1.790140 	2.454385
4800 	1.410451 	2.297433
6400 	1.316041 	1.827846
8000 	1.160682 	1.590887
9600 	1.063749 	1.536164
11200 	1.251834 	1.745580
Absolute Fitness 
3.400000

Run 27
1600 	2.143547 	3.457000
3200 	1.466214 	2.250085
4800 	1.251690 	1.848042
6400 	1.366749 	2.046556
8000 	1.130024 	1.586035
9600 	1.104570 	1.707035
11200 	1.108801 	1.545626
Absolute Fitness 
3.400000

Run 28
1600 	2.337177 	4.217000
3200 	1.728932 	2.872785
4800 	1.573711 	2.451779
6400 	1.364156 	1.847072
8000 	1.441522 	2.271536
9600 	1.590672 	2.097458
11200 	1.615815 	2.127311
Absolute Fitness 
3.400000

Run 29
1600 	2.267952 	3.577000
3200 	1.756440 	2.509785
4800 	1.226204 	1.751247
6400 	1.210057 	1.705800
8000 	1.393317 	2.285435
9600 	1.204756 	1.706235
11200 	1.168519 	1.606540
Absolute Fitness 
3.400000

Run 30
1600 	2.288888 	3.737000
3200 	1.669159 	2.541400
4800 	1.383675 	1.927100
6400 	1.240779 	1.797636
8000 	1.165642 	1.628978
9600 	1.196369 	1.882420
11200 	1.616778 	2.405280
Absolute Fitness 
3.400000

