Config File Used:

Random_Seed 1
l 30
k 5
d 10
Runs 30
Fitness_Evaluations 10000
Log_File_Path logs/1
Solution_File_Path solutions/1
Population_Size 100
Children_Count 50
Parent_Selection Fitness_Proportional_Selection
Survival_Selection Truncation
Parsimony_Pressure_Penalty_Coefficent 0.500000
Termination_Convergence_Criterion 10000
Over_Selection 0.200000
Mutation_Rate 0.050000
K_Tournament_No_Replacement_K_Value 2

Result Log

Run 1
1600 	0.567607 	3.176000
3200 	0.636145 	3.275035
4800 	0.856947 	3.721363
6400 	0.775055 	2.869352
8000 	1.303878 	3.082213
9600 	1.469325 	3.240411
11200 	1.629414 	3.662769
Absolute Fitness 
3.400000

Run 2
1600 	-0.176817 	3.097000
3200 	0.089490 	3.515485
4800 	0.310941 	2.767593
6400 	0.693399 	2.763082
8000 	1.326055 	2.704311
9600 	1.396368 	2.925120
11200 	1.408655 	3.508225
Absolute Fitness 
3.400000

Run 3
1600 	-0.111133 	2.981000
3200 	0.053010 	3.211560
4800 	0.357690 	3.500974
6400 	0.721342 	2.744817
8000 	1.131810 	2.960963
9600 	1.321417 	3.194568
11200 	1.231696 	3.395891
Absolute Fitness 
3.400000

Run 4
1600 	0.121882 	3.217000
3200 	0.288352 	3.126480
4800 	0.506368 	3.671354
6400 	0.650988 	2.907959
8000 	1.108259 	2.737765
9600 	1.305554 	3.767835
11200 	1.367343 	2.561751
Absolute Fitness 
3.400000

Run 5
1600 	0.357098 	3.382000
3200 	0.614205 	3.171927
4800 	1.074739 	2.688042
6400 	1.385988 	3.593301
8000 	1.455039 	3.453465
9600 	1.299971 	2.846914
11200 	1.305649 	3.052153
Absolute Fitness 
3.400000

Run 6
1600 	0.034035 	3.157000
3200 	-0.306912 	2.679235
4800 	0.268296 	2.655306
6400 	0.760193 	3.088754
8000 	1.305447 	3.149594
9600 	1.261247 	2.861596
11200 	1.180168 	2.363040
Absolute Fitness 
3.400000

Run 7
1600 	0.120410 	3.193000
3200 	0.138040 	2.832385
4800 	0.601507 	2.594162
6400 	1.112685 	2.650662
8000 	1.532467 	2.944565
9600 	1.380982 	3.009762
11200 	1.231484 	2.383379
Absolute Fitness 
3.400000

Run 8
1600 	0.482009 	3.857000
3200 	0.531878 	3.596685
4800 	0.616742 	3.433753
6400 	0.752958 	4.172390
8000 	0.866000 	3.560942
9600 	1.054347 	3.655477
11200 	1.172409 	3.568566
Absolute Fitness 
3.400000

Run 9
1600 	0.000117 	2.617000
3200 	0.259229 	3.188460
4800 	0.518046 	2.772152
6400 	1.017635 	3.308465
8000 	1.425464 	3.434669
9600 	1.436717 	2.848580
11200 	1.468188 	2.898311
Absolute Fitness 
3.400000

Run 10
1600 	-0.002364 	3.038833
3200 	0.307708 	3.129285
4800 	0.680520 	3.330346
6400 	0.898703 	3.731051
8000 	1.103577 	2.951061
9600 	1.395872 	2.812846
11200 	1.563170 	3.205791
Absolute Fitness 
3.400000

Run 11
1600 	0.485677 	3.698000
3200 	0.887506 	2.938475
4800 	1.250753 	3.242128
6400 	1.375320 	3.051935
8000 	1.536649 	3.775145
9600 	1.569478 	2.952159
11200 	1.513704 	3.056815
Absolute Fitness 
3.400000

Run 12
1600 	0.065699 	3.470000
3200 	0.014838 	3.165020
4800 	0.588284 	3.448165
6400 	1.054439 	3.251845
8000 	1.287064 	3.168823
9600 	1.146817 	3.426720
11200 	1.140141 	3.626367
Absolute Fitness 
3.400000

Run 13
1600 	0.453070 	2.901000
3200 	0.668578 	3.348385
4800 	0.504034 	2.976742
6400 	0.786288 	3.467470
8000 	0.856243 	3.126069
9600 	0.971837 	3.049153
11200 	1.378188 	3.512378
Absolute Fitness 
3.400000

Run 14
1600 	0.012970 	2.997000
3200 	0.287437 	2.694585
4800 	0.839798 	3.011246
6400 	1.249204 	3.155056
8000 	1.352326 	2.610756
9600 	1.414714 	3.090958
11200 	1.380851 	2.797775
Absolute Fitness 
3.400000

Run 15
1600 	0.611758 	3.105500
3200 	0.827445 	3.535110
4800 	1.037613 	3.155472
6400 	1.625168 	3.273633
8000 	1.686573 	3.419420
9600 	1.608444 	3.012583
11200 	1.690711 	3.382521
Absolute Fitness 
3.400000

Run 16
1600 	0.512130 	3.014667
3200 	0.733626 	3.172085
4800 	1.306007 	3.951244
6400 	1.484331 	3.250536
8000 	1.427447 	2.749810
9600 	1.281691 	3.033700
11200 	1.194572 	2.432336
Absolute Fitness 
3.400000

Run 17
1600 	-0.471628 	3.217000
3200 	-0.341560 	2.656085
4800 	-0.180683 	3.036769
6400 	-0.031235 	2.845184
8000 	0.658432 	3.214976
9600 	1.250922 	2.977294
11200 	1.596111 	3.170686
Absolute Fitness 
3.400000

Run 18
1600 	0.093207 	3.237000
3200 	0.372194 	3.392485
4800 	0.659185 	2.954254
6400 	1.172128 	2.931064
8000 	1.430695 	3.433762
9600 	1.614854 	3.495273
11200 	1.400124 	3.533478
Absolute Fitness 
3.400000

Run 19
1600 	0.233808 	2.955000
3200 	0.457611 	3.114775
4800 	1.238821 	3.383568
6400 	1.471395 	3.576918
8000 	1.548046 	3.615941
9600 	1.475250 	3.002683
11200 	1.357412 	2.608873
Absolute Fitness 
3.400000

Run 20
1600 	0.029659 	3.237000
3200 	0.069088 	3.116785
4800 	0.100683 	2.981177
6400 	0.098284 	3.573028
8000 	0.291804 	3.170244
9600 	0.396338 	2.828555
11200 	0.641252 	2.772779
Absolute Fitness 
3.400000

Run 21
1600 	-0.069020 	2.817000
3200 	0.117566 	3.213785
4800 	0.319619 	3.184520
6400 	0.529711 	3.733374
8000 	1.039295 	3.246883
9600 	1.229550 	3.594359
11200 	1.210222 	3.254270
Absolute Fitness 
3.400000

Run 22
1600 	0.438223 	3.360500
3200 	0.486368 	3.599633
4800 	0.397807 	2.910466
6400 	0.716096 	3.102183
8000 	0.962389 	3.536725
9600 	1.232700 	3.504773
11200 	1.040311 	2.907524
Absolute Fitness 
3.400000

Run 23
1600 	0.171312 	3.092000
3200 	0.142726 	2.905460
4800 	0.258956 	3.157751
6400 	0.705788 	3.028658
8000 	0.957121 	3.099904
9600 	1.226472 	3.480994
11200 	1.423681 	3.289245
Absolute Fitness 
3.400000

Run 24
1600 	0.514040 	3.425000
3200 	0.614671 	3.413385
4800 	0.720696 	3.371511
6400 	0.855426 	3.424285
8000 	1.158881 	3.384641
9600 	1.360351 	3.274869
11200 	1.634385 	3.229869
Absolute Fitness 
3.400000

Run 25
1600 	-0.169800 	3.616000
3200 	-0.025969 	3.143185
4800 	0.064760 	2.961344
6400 	0.454160 	3.194998
8000 	0.989100 	2.732462
9600 	1.325853 	3.299070
11200 	1.221952 	2.744238
Absolute Fitness 
3.400000

Run 26
1600 	0.488837 	3.967000
3200 	0.418578 	2.995155
4800 	0.534362 	3.693347
6400 	0.496686 	3.197327
8000 	0.724420 	3.332985
9600 	1.039049 	3.391562
11200 	1.306356 	3.725072
Absolute Fitness 
3.400000

Run 27
1600 	0.278304 	3.637000
3200 	0.222988 	2.934685
4800 	0.363221 	3.120839
6400 	0.462564 	3.300018
8000 	0.799639 	2.898370
9600 	1.215447 	2.981855
11200 	1.361158 	2.740645
Absolute Fitness 
3.400000

Run 28
1600 	0.060727 	2.974167
3200 	0.255371 	3.367935
4800 	0.246142 	3.018699
6400 	0.533809 	2.777586
8000 	0.947440 	4.112626
9600 	1.450806 	3.915753
11200 	1.720901 	3.646803
Absolute Fitness 
3.400000

Run 29
1600 	-0.004615 	2.917000
3200 	-0.049688 	3.033185
4800 	0.094201 	3.473908
6400 	0.172271 	3.527369
8000 	0.290431 	3.253712
9600 	0.450520 	3.149668
11200 	0.497281 	3.433768
Absolute Fitness 
3.400000

Run 30
1600 	-0.151265 	3.217000
3200 	-0.249550 	3.276085
4800 	-0.200844 	2.910043
6400 	0.125947 	3.357546
8000 	0.386710 	3.270098
9600 	0.720651 	3.219849
11200 	0.917306 	3.155261
Absolute Fitness 
3.400000

