Config File Used:

Random_Seed 2
l 30
k 5
d 10
Runs 30
Fitness_Evaluations 10000
Log_File_Path logs/2
Solution_File_Path solutions/2
Population_Size 100
Children_Count 50
Parent_Selection Fitness_Proportional_Selection
Survival_Selection Truncation
Parsimony_Pressure_Penalty_Coefficent 1.000000
Termination_Convergence_Criterion 10000
Over_Selection 0.200000
Mutation_Rate 0.050000
K_Tournament_No_Replacement_K_Value 2
Survival_Selection_Strategy Plus
Coevolutionary_Fitness_Sampling_Percentage 10
Detect_Cycling false
Deter_Cyclingfalse

Result Log

Run 1
1600 	-1.147862 	3.485000
3200 	-0.931420 	3.412825
4800 	-0.263407 	3.449748
6400 	0.433530 	3.316346
8000 	0.939830 	3.075947
9600 	1.061720 	2.896535
11200 	1.016058 	3.412577
Absolute Fitness 
3.000000

Run 2
1600 	-2.039673 	3.545000
3200 	-1.415776 	3.357725
4800 	-0.771952 	3.503916
6400 	0.110448 	4.013670
8000 	0.830045 	3.481759
9600 	1.049782 	3.155565
11200 	1.072289 	3.190767
Absolute Fitness 
3.000000

Run 3
1600 	-1.337799 	3.918667
3200 	-1.633089 	3.036925
4800 	-1.315192 	3.469889
6400 	-1.220093 	2.879665
8000 	-0.912413 	3.407794
9600 	-0.697252 	3.134262
11200 	-0.135031 	2.971560
Absolute Fitness 
3.000000

Run 4
1600 	-2.070413 	3.619167
3200 	-2.190089 	2.996925
4800 	-1.909520 	2.824985
6400 	-1.778306 	3.026897
8000 	-0.977214 	2.642311
9600 	-0.149930 	3.730941
11200 	0.521732 	3.598655
Absolute Fitness 
3.000000

Run 5
1600 	-2.569420 	3.255000
3200 	-2.192374 	3.464700
4800 	-1.327932 	3.111379
6400 	-0.316646 	3.760907
8000 	0.458259 	3.339808
9600 	0.475674 	2.826699
11200 	0.468214 	3.055866
Absolute Fitness 
3.000000

Run 6
1600 	-0.833945 	3.925000
3200 	-0.768441 	3.659590
4800 	-0.161558 	3.469498
6400 	0.203637 	3.171759
8000 	0.651065 	3.032654
9600 	0.851276 	3.258230
11200 	1.236251 	3.238744
Absolute Fitness 
3.000000

Run 7
1600 	-1.733718 	3.945000
3200 	-1.812370 	3.119425
4800 	-0.754258 	3.393071
6400 	-0.073744 	3.124759
8000 	0.515818 	3.671269
9600 	1.098919 	3.339103
11200 	1.170403 	3.625742
Absolute Fitness 
3.000000

Run 8
1600 	-1.444320 	4.205000
3200 	-1.216014 	3.513900
4800 	-0.772105 	3.593883
6400 	-0.364021 	3.237474
8000 	0.242138 	3.609947
9600 	0.432006 	4.070879
11200 	0.659800 	3.192290
Absolute Fitness 
3.000000

Run 9
1600 	-1.584293 	2.984500
3200 	-0.399417 	3.291525
4800 	0.557576 	3.094061
6400 	0.943519 	2.825470
8000 	0.872128 	2.693361
9600 	0.934031 	2.740108
11200 	1.014280 	3.315626
Absolute Fitness 
3.000000

Run 10
1600 	-2.227708 	3.068500
3200 	-1.728180 	3.431925
4800 	-0.887652 	3.537159
6400 	-0.135771 	4.140464
8000 	0.632050 	3.326947
9600 	0.886783 	3.308394
11200 	1.086284 	3.247683
Absolute Fitness 
3.000000

Run 11
1600 	-0.765418 	3.862500
3200 	-0.658021 	3.471325
4800 	-0.137196 	4.071579
6400 	-0.039495 	4.200358
8000 	0.872576 	3.588177
9600 	1.412320 	3.574355
11200 	1.262311 	4.096380
Absolute Fitness 
3.000000

Run 12
1600 	-2.549731 	3.742500
3200 	-2.646080 	3.335425
4800 	-2.206269 	3.218704
6400 	-1.441836 	2.694483
8000 	0.363242 	2.853037
9600 	0.672087 	3.010883
11200 	0.728647 	2.940271
Absolute Fitness 
3.000000

Run 13
1600 	-0.786257 	3.885000
3200 	-0.691211 	3.714525
4800 	-0.275180 	3.234480
6400 	-0.082873 	3.740397
8000 	0.316082 	3.433470
9600 	0.676618 	3.354068
11200 	0.692259 	3.532849
Absolute Fitness 
3.000000

Run 14
1600 	-1.805397 	3.589167
3200 	-1.959468 	3.401650
4800 	-1.442787 	2.972041
6400 	-1.137335 	3.021218
8000 	-0.558513 	3.718127
9600 	0.454376 	3.549759
11200 	0.968488 	3.152312
Absolute Fitness 
3.000000

Run 15
1600 	-1.490112 	3.885000
3200 	-1.325222 	3.844195
4800 	-1.170402 	3.433376
6400 	-0.610338 	3.535271
8000 	0.067018 	3.730431
9600 	0.730382 	3.356570
11200 	0.857489 	3.553378
Absolute Fitness 
3.000000

Run 16
1600 	-1.069409 	3.325000
3200 	-1.172845 	2.899848
4800 	-0.767073 	3.110356
6400 	-0.523887 	3.326836
8000 	-0.324943 	3.053265
9600 	0.522549 	3.267499
11200 	0.833038 	3.101938
Absolute Fitness 
3.000000

Run 17
1600 	-2.118348 	3.442500
3200 	-2.256670 	3.220412
4800 	-2.110061 	3.008472
6400 	-2.042192 	3.468860
8000 	-1.554016 	4.009555
9600 	-0.822443 	2.877727
11200 	-0.199771 	3.116040
Absolute Fitness 
3.000000

Run 18
1600 	-1.818544 	3.225000
3200 	-1.752394 	3.266125
4800 	-2.036208 	2.805972
6400 	-1.348492 	3.502887
8000 	-1.437199 	3.082514
9600 	-0.733545 	3.173748
11200 	-0.076708 	3.473323
Absolute Fitness 
3.000000

Run 19
1600 	-2.241460 	3.085000
3200 	-1.493385 	3.654000
4800 	-0.274109 	3.109638
6400 	0.962309 	3.591857
8000 	0.937233 	3.433903
9600 	0.975592 	3.217472
11200 	0.998124 	3.272067
Absolute Fitness 
3.000000

Run 20
1600 	-1.902565 	3.933500
3200 	-1.596396 	3.094925
4800 	-0.941281 	3.707575
6400 	0.194865 	3.366605
8000 	0.928663 	3.173015
9600 	0.940531 	2.868019
11200 	0.902673 	3.016300
Absolute Fitness 
3.000000

Run 21
1600 	-2.453087 	3.580000
3200 	-2.571110 	3.452425
4800 	-2.139527 	3.201576
6400 	-1.681875 	3.291874
8000 	-0.105556 	3.391601
9600 	0.848394 	3.372470
11200 	0.935956 	3.270570
Absolute Fitness 
3.000000

Run 22
1600 	-1.884102 	4.005000
3200 	-1.854085 	3.309221
4800 	-0.852110 	3.616443
6400 	-0.144699 	3.466667
8000 	0.407935 	3.853040
9600 	0.250180 	3.434566
11200 	0.494556 	3.520546
Absolute Fitness 
3.000000

Run 23
1600 	-1.587724 	3.783500
3200 	-1.067393 	3.538918
4800 	-0.530834 	2.811512
6400 	0.124628 	3.344712
8000 	0.712256 	4.072767
9600 	0.784859 	3.050758
11200 	1.201886 	3.513102
Absolute Fitness 
3.000000

Run 24
1600 	-1.083575 	3.543000
3200 	-1.334482 	3.555165
4800 	-1.452765 	3.713871
6400 	-1.418617 	3.331760
8000 	-1.194021 	3.929058
9600 	-1.204637 	3.299274
11200 	-1.131680 	4.126033
Absolute Fitness 
3.000000

Run 25
1600 	-2.105482 	3.185000
3200 	-2.196497 	2.830650
4800 	-1.476330 	3.107580
6400 	-1.174242 	2.727878
8000 	-0.466655 	3.230546
9600 	0.609744 	3.182004
11200 	0.775168 	3.489768
Absolute Fitness 
3.000000

Run 26
1600 	-1.763870 	3.985000
3200 	-1.878585 	3.194820
4800 	-1.479675 	2.868386
6400 	-1.291577 	2.856055
8000 	-0.329658 	3.619382
9600 	0.407768 	3.455408
11200 	0.513206 	2.942689
Absolute Fitness 
3.000000

Run 27
1600 	-2.398262 	3.830000
3200 	-2.334922 	3.285550
4800 	-1.732083 	3.249848
6400 	-0.998648 	3.573716
8000 	0.306451 	2.934281
9600 	1.045929 	3.511150
11200 	1.071748 	3.757556
Absolute Fitness 
3.000000

Run 28
1600 	-1.641635 	3.863833
3200 	-1.335337 	3.512525
4800 	-1.080665 	3.487158
6400 	-0.217303 	3.442436
8000 	0.221430 	3.591173
9600 	0.588029 	3.633168
11200 	0.584440 	3.120516
Absolute Fitness 
3.000000

Run 29
1600 	-1.876888 	3.605000
3200 	-1.356895 	3.198025
4800 	-0.614052 	3.560421
6400 	-0.238213 	3.299650
8000 	0.057880 	3.234272
9600 	0.500300 	3.256957
11200 	0.889561 	2.951224
Absolute Fitness 
3.000000

Run 30
1600 	-0.955618 	3.920000
3200 	-0.529383 	3.744120
4800 	-0.170305 	3.508721
6400 	0.370432 	3.211284
8000 	0.985951 	3.570270
9600 	1.075974 	3.212013
11200 	1.165352 	3.265339
Absolute Fitness 
3.000000

