Config File Used:

Random_Seed 6
l 30
k 5
d 10
Runs 30
Fitness_Evaluations 10000
Log_File_Path logs/6
Solution_File_Path solutions/6
Population_Size 100
Children_Count 50
Parent_Selection Fitness_Proportional_Selection
Survival_Selection Truncation
Parsimony_Pressure_Penalty_Coefficent 1.000000
Termination_Convergence_Criterion 10000
Over_Selection 0.200000
Mutation_Rate 0.050000
K_Tournament_No_Replacement_K_Value 2
Survival_Selection_Strategy Plus
Coevolutionary_Fitness_Sampling_Percentage 10
Detect_Cycling true
Deter_Cyclingfalse

Result Log

Run 1
1600 	-1.591481 	4.005000
3200 	-0.823054 	3.170650
4800 	0.166723 	3.350556
6400 	0.798961 	3.030850
8000 	0.981548 	3.210870
9600 	0.846890 	2.853000
11200 	0.992893 	3.352161
Absolute Fitness 
3.000000

Run 2
1600 	-1.660566 	3.640000
3200 	-1.633262 	3.246125
4800 	-1.152688 	2.946676
6400 	-0.144909 	3.123087
8000 	0.565875 	3.088945
9600 	0.954528 	3.458703
11200 	0.924807 	3.491456
Absolute Fitness 
3.000000

Run 3
1600 	-1.654090 	3.490167
3200 	-1.674556 	3.156284
4800 	-1.554319 	3.875214
6400 	-1.462578 	3.701507
8000 	-0.794338 	4.153265
9600 	-0.349355 	3.460111
11200 	0.177064 	3.018100
Absolute Fitness 
3.000000

Run 4
1600 	-1.379655 	3.705000
3200 	-1.141068 	3.571875
4800 	-0.659545 	3.371063
6400 	0.321689 	3.361169
8000 	0.800884 	3.155173
9600 	1.115710 	3.589072
11200 	1.191986 	3.315852
Absolute Fitness 
3.000000

Run 5
1600 	-2.156759 	3.200000
3200 	-2.235548 	3.138925
4800 	-1.948353 	3.021826
6400 	-1.379579 	3.191140
8000 	-0.522250 	3.238468
9600 	0.030921 	3.344066
11200 	0.876289 	2.910472
Absolute Fitness 
3.000000

Run 6
1600 	-2.234550 	3.605000
3200 	-1.972427 	3.654025
4800 	-1.497769 	3.189590
6400 	-1.052589 	3.533284
8000 	-0.324786 	3.314164
9600 	0.212755 	3.334058
11200 	0.604412 	3.276377
Absolute Fitness 
3.000000

Run 7
1600 	-1.167207 	3.685000
3200 	-1.079336 	4.094525
4800 	-0.888436 	3.935673
6400 	-0.510812 	3.794174
8000 	-0.098275 	4.038669
9600 	-0.065341 	4.038845
11200 	0.095431 	3.376473
Absolute Fitness 
3.000000

Run 8
1600 	-1.835318 	3.765000
3200 	-1.370249 	2.801575
4800 	-0.644665 	3.349008
6400 	-0.081330 	2.856745
8000 	0.242245 	3.261685
9600 	0.549776 	3.265145
11200 	0.685098 	3.479879
Absolute Fitness 
3.000000

Run 9
1600 	-1.555764 	3.785000
3200 	-1.558300 	4.113525
4800 	-1.498825 	3.737559
6400 	-1.456571 	3.672603
8000 	-1.402437 	3.152471
9600 	-1.059661 	3.276003
11200 	-0.907281 	3.164565
Absolute Fitness 
3.000000

Run 10
1600 	-2.113660 	3.313000
3200 	-1.635647 	2.811242
4800 	-0.344848 	3.177272
6400 	0.317690 	3.332356
8000 	0.442599 	3.194989
9600 	0.497946 	3.260975
11200 	0.630756 	3.203456
Absolute Fitness 
3.000000

Run 11
1600 	-1.981164 	4.105000
3200 	-1.894276 	3.585875
4800 	-1.395446 	2.896388
6400 	-0.967992 	3.094990
8000 	0.134114 	3.114062
9600 	0.706964 	3.726970
11200 	0.653811 	3.695056
Absolute Fitness 
3.000000

Run 12
1600 	-2.011743 	3.616000
3200 	-1.999927 	3.137425
4800 	-1.285142 	2.844079
6400 	-0.024056 	2.948567
8000 	0.384346 	2.920367
9600 	0.509089 	3.823417
11200 	0.626511 	3.639438
Absolute Fitness 
3.000000

Run 13
1600 	-2.218602 	3.454000
3200 	-2.030160 	3.404834
4800 	-1.869912 	2.861516
6400 	-1.248865 	3.734308
8000 	-0.362342 	3.426090
9600 	0.530844 	3.577303
11200 	0.911850 	3.506683
Absolute Fitness 
3.000000

Run 14
1600 	-2.051044 	3.365000
3200 	-2.138454 	3.456825
4800 	-2.107320 	3.181933
6400 	-1.840182 	3.482455
8000 	-1.803506 	3.214056
9600 	-0.901908 	3.477399
11200 	-0.563196 	3.431468
Absolute Fitness 
3.000000

Run 15
1600 	-2.306133 	3.841834
3200 	-1.935544 	3.884925
4800 	-1.416078 	3.370560
6400 	-0.445586 	3.276280
8000 	0.278887 	3.211047
9600 	0.968805 	3.513115
11200 	0.878860 	3.074708
Absolute Fitness 
3.000000

Run 16
1600 	-2.123484 	3.568333
3200 	-1.849317 	3.102842
4800 	-1.099122 	2.581949
6400 	-0.595301 	2.901653
8000 	0.089112 	2.852043
9600 	0.688270 	2.963015
11200 	0.699753 	2.909621
Absolute Fitness 
3.000000

Run 17
1600 	-1.886191 	3.855000
3200 	-2.028574 	2.814987
4800 	-1.898751 	3.091746
6400 	-1.602162 	3.127122
8000 	-1.115334 	3.415327
9600 	-0.795790 	3.749775
11200 	-0.242667 	3.929380
Absolute Fitness 
3.000000

Run 18
1600 	-1.196047 	3.330000
3200 	-1.062164 	3.082340
4800 	-0.600490 	3.030352
6400 	0.183022 	3.355152
8000 	0.595568 	3.092845
9600 	0.934876 	3.097098
11200 	1.089759 	3.402858
Absolute Fitness 
3.000000

Run 19
1600 	-1.768392 	3.288000
3200 	-1.669002 	2.833195
4800 	-1.017533 	3.350073
6400 	-0.037507 	2.967401
8000 	0.571767 	2.691355
9600 	1.049590 	3.462099
11200 	0.967563 	2.961176
Absolute Fitness 
3.000000

Run 20
1600 	-1.643858 	3.315000
3200 	-1.547118 	3.792525
4800 	-1.019759 	3.316330
6400 	0.139144 	2.618088
8000 	0.468513 	3.452580
9600 	0.741198 	2.970386
11200 	0.608937 	3.244852
Absolute Fitness 
3.000000

Run 21
1600 	-0.358736 	4.252666
3200 	0.056135 	3.751475
4800 	0.868108 	3.636173
6400 	0.801530 	3.729318
8000 	1.066659 	4.396105
9600 	1.074374 	3.313253
11200 	1.226557 	3.506039
Absolute Fitness 
3.000000

Run 22
1600 	-2.517432 	3.425000
3200 	-2.537977 	2.857125
4800 	-2.209776 	2.598187
6400 	-1.334238 	2.686857
8000 	-0.388127 	3.068844
9600 	0.735175 	3.209850
11200 	0.755022 	2.493752
Absolute Fitness 
3.000000

Run 23
1600 	-1.337027 	3.825000
3200 	-1.151245 	3.278867
4800 	-0.402502 	3.243312
6400 	0.351412 	3.251666
8000 	0.872415 	3.289247
9600 	1.075086 	2.531079
11200 	1.248549 	2.892468
Absolute Fitness 
3.000000

Run 24
1600 	-1.311579 	3.105000
3200 	-1.164003 	3.133625
4800 	-0.716861 	3.012200
6400 	-0.056241 	3.065377
8000 	0.417993 	3.171762
9600 	0.861043 	3.273357
11200 	0.965746 	3.572565
Absolute Fitness 
3.000000

Run 25
1600 	-1.974768 	2.850000
3200 	-1.895732 	3.152450
4800 	-1.622887 	3.336961
6400 	-1.009824 	3.641685
8000 	-0.379613 	2.802099
9600 	0.168607 	2.939011
11200 	0.553362 	3.250354
Absolute Fitness 
3.000000

Run 26
1600 	-1.584902 	3.820000
3200 	-1.732742 	3.518475
4800 	-1.371684 	3.055550
6400 	-1.074701 	3.028977
8000 	-0.682923 	3.372280
9600 	0.366750 	3.628722
11200 	0.938958 	3.258144
Absolute Fitness 
3.000000

Run 27
1600 	-2.114489 	3.505000
3200 	-2.178592 	3.277525
4800 	-2.148282 	2.933663
6400 	-1.247582 	3.434668
8000 	-0.566904 	3.233959
9600 	0.124919 	3.814252
11200 	0.496505 	3.192483
Absolute Fitness 
3.000000

Run 28
1600 	-1.324810 	3.205000
3200 	-0.850759 	3.452125
4800 	-0.366077 	2.970674
6400 	0.636763 	3.414854
8000 	0.898448 	3.502293
9600 	0.917865 	3.371183
11200 	1.122669 	3.651564
Absolute Fitness 
3.000000

Run 29
1600 	-1.595873 	3.585000
3200 	-1.037340 	3.574375
4800 	-0.675176 	3.543052
6400 	0.411953 	3.390769
8000 	0.892029 	3.832396
9600 	1.068323 	3.189262
11200 	0.736642 	2.546796
Absolute Fitness 
3.000000

Run 30
1600 	-1.011133 	3.719667
3200 	-1.175231 	3.615725
4800 	-0.777884 	3.933633
6400 	-0.149875 	3.875790
8000 	0.598832 	3.735550
9600 	0.925825 	3.682744
11200 	1.176714 	3.288465
Absolute Fitness 
3.000000

