Config File Used:

Random_Seed 7
l 30
k 5
d 10
Runs 30
Fitness_Evaluations 10000
Log_File_Path logs/7
Solution_File_Path solutions/7
Population_Size 100
Children_Count 50
Parent_Selection Fitness_Proportional_Selection
Survival_Selection Truncation
Parsimony_Pressure_Penalty_Coefficent 0.700000
Termination_Convergence_Criterion 10000
Over_Selection 0.200000
Mutation_Rate 0.050000
K_Tournament_No_Replacement_K_Value 2

Result Log

Run 1
1600 	2.407027 	3.525000
3200 	1.755113 	2.831325
4800 	1.333793 	2.107066
6400 	1.207257 	1.865540
8000 	1.147783 	1.621530
9600 	1.213763 	1.865628
11200 	1.315362 	1.825628
Absolute Fitness 
5.000000

Run 2
1600 	2.311293 	3.985000
3200 	1.892994 	2.812125
4800 	1.472515 	1.990146
6400 	1.296543 	1.807950
8000 	1.204455 	1.665441
9600 	1.319998 	2.107035
11200 	1.417644 	2.031229
Absolute Fitness 
5.000000

Run 3
1600 	2.222007 	3.385000
3200 	1.397334 	2.072725
4800 	1.155416 	1.646039
6400 	1.227882 	1.686947
8000 	1.131176 	1.805733
9600 	1.170771 	1.985735
11200 	1.117377 	1.606225
Absolute Fitness 
5.000000

Run 4
1600 	2.210907 	4.025000
3200 	1.576532 	2.393025
4800 	1.135254 	1.487252
6400 	1.110600 	1.705040
8000 	1.059348 	1.406531
9600 	1.071372 	1.406033
11200 	1.153170 	1.605035
Absolute Fitness 
5.000000

Run 5
1600 	2.210367 	3.465000
3200 	1.612753 	2.283500
4800 	1.349801 	2.207639
6400 	1.285456 	1.885837
8000 	1.153262 	1.665541
9600 	1.209865 	1.926000
11200 	1.200747 	1.809630
Absolute Fitness 
5.000000

Run 6
1600 	2.031263 	3.185000
3200 	1.710652 	2.792825
4800 	1.472017 	2.130743
6400 	1.303493 	2.067843
8000 	1.104065 	1.527039
9600 	1.151135 	2.086000
11200 	1.135080 	1.666860
Absolute Fitness 
5.000000

Run 7
1600 	2.408140 	3.685000
3200 	1.842240 	2.875325
4800 	1.429642 	2.110269
6400 	1.400311 	2.067650
8000 	1.154146 	1.566133
9600 	1.152590 	1.565636
11200 	1.100361 	1.557357
Absolute Fitness 
5.000000

Run 8
1600 	2.046634 	3.225000
3200 	1.506077 	2.231325
4800 	1.145131 	1.687643
6400 	1.239745 	1.826145
8000 	1.232064 	1.966029
9600 	1.161934 	1.587925
11200 	1.105772 	1.445032
Absolute Fitness 
5.000000

Run 9
1600 	2.366621 	3.585000
3200 	1.521656 	2.114925
4800 	1.435904 	2.186375
6400 	1.133491 	1.439838
8000 	1.299950 	2.082199
9600 	1.401958 	2.456006
11200 	1.461674 	1.943277
Absolute Fitness 
5.000000

Run 10
1600 	2.396183 	3.865000
3200 	1.922732 	2.992925
4800 	1.650188 	2.333374
6400 	1.265352 	2.129256
8000 	1.110245 	1.546437
9600 	1.043958 	1.522354
11200 	1.317846 	1.957612
Absolute Fitness 
5.000000

Run 11
1600 	2.157780 	3.365000
3200 	1.479871 	1.971425
4800 	1.425874 	2.008349
6400 	1.266497 	1.666933
8000 	1.161147 	1.647634
9600 	1.089893 	1.560959
11200 	1.171041 	1.665041
Absolute Fitness 
5.000000

Run 12
1600 	2.086564 	3.425000
3200 	1.637556 	2.448125
4800 	1.327542 	2.150559
6400 	1.090528 	1.607141
8000 	1.117145 	1.625930
9600 	1.138836 	1.545035
11200 	1.064930 	1.805031
Absolute Fitness 
5.000000

Run 13
1600 	2.214780 	3.145000
3200 	1.672387 	2.529825
4800 	1.470929 	2.047553
6400 	1.369563 	1.966344
8000 	1.337797 	1.947036
9600 	1.230138 	1.712223
11200 	1.200499 	1.966328
Absolute Fitness 
5.000000

Run 14
1600 	2.167400 	3.485000
3200 	1.546886 	2.154725
4800 	1.281862 	2.027360
6400 	1.203768 	1.978543
8000 	1.214920 	1.967443
9600 	1.161023 	1.795182
11200 	1.235995 	1.685926
Absolute Fitness 
5.000000

Run 15
1600 	2.265054 	3.765000
3200 	1.693243 	2.653425
4800 	1.478748 	2.270943
6400 	1.165448 	1.705790
8000 	1.099932 	1.347030
9600 	1.054741 	1.365030
11200 	1.088815 	1.366025
Absolute Fitness 
5.000000

Run 16
1600 	2.204370 	3.645000
3200 	1.702680 	2.420517
4800 	1.440589 	2.051858
6400 	1.265524 	1.669147
8000 	1.144326 	1.610531
9600 	1.205548 	1.805033
11200 	1.134119 	1.640387
Absolute Fitness 
5.000000

Run 17
1600 	2.282970 	3.425000
3200 	1.798149 	2.833125
4800 	1.530092 	2.509967
6400 	1.256136 	1.950538
8000 	1.143251 	1.806030
9600 	1.074280 	1.407044
11200 	1.044226 	1.295904
Absolute Fitness 
5.000000

Run 18
1600 	2.166473 	3.525000
3200 	1.655950 	2.932825
4800 	1.305503 	1.989161
6400 	1.171415 	1.567345
8000 	1.253446 	1.906661
9600 	1.190616 	1.720032
11200 	1.233413 	1.818600
Absolute Fitness 
5.000000

Run 19
1600 	2.089114 	2.866667
3200 	1.449068 	2.290600
4800 	1.191591 	1.546058
6400 	1.135076 	1.606041
8000 	1.140969 	1.698030
9600 	1.258023 	1.948490
11200 	1.171553 	1.567025
Absolute Fitness 
5.000000

Run 20
1600 	2.381364 	4.145000
3200 	1.814497 	2.754515
4800 	1.439352 	1.946989
6400 	1.186341 	1.721865
8000 	1.227880 	1.700732
9600 	1.334003 	1.925279
11200 	1.472888 	1.951465
Absolute Fitness 
5.000000

Run 21
1600 	2.312100 	3.625000
3200 	1.940963 	3.118125
4800 	1.510751 	2.510961
6400 	1.236320 	1.730857
8000 	1.216499 	1.750753
9600 	1.174933 	1.606535
11200 	1.320072 	1.885040
Absolute Fitness 
5.000000

Run 22
1600 	2.251166 	3.565000
3200 	1.691218 	2.553525
4800 	1.320927 	1.870867
6400 	1.220518 	2.046743
8000 	1.111365 	1.808331
9600 	1.117006 	1.807051
11200 	1.010786 	1.124035
Absolute Fitness 
5.000000

Run 23
1600 	2.246587 	3.365000
3200 	1.873508 	3.113225
4800 	1.484010 	2.427369
6400 	1.159170 	1.387339
8000 	1.207587 	1.905534
9600 	1.297182 	2.407032
11200 	1.140829 	1.508628
Absolute Fitness 
5.000000

Run 24
1600 	1.983267 	3.305000
3200 	1.432252 	1.909625
4800 	1.207405 	1.756067
6400 	1.177886 	1.685742
8000 	1.156061 	1.585677
9600 	1.183720 	1.722055
11200 	1.261987 	2.188610
Absolute Fitness 
5.000000

Run 25
1600 	2.125336 	3.025000
3200 	1.567112 	2.381900
4800 	1.308312 	1.729364
6400 	1.263960 	1.846033
8000 	1.120078 	1.585638
9600 	1.065879 	1.360809
11200 	1.105232 	1.606804
Absolute Fitness 
5.000000

Run 26
1600 	2.146243 	3.205000
3200 	1.617396 	2.669525
4800 	1.314362 	1.907659
6400 	1.289083 	1.967848
8000 	1.299172 	1.886244
9600 	1.232554 	1.807649
11200 	1.182715 	1.626941
Absolute Fitness 
5.000000

Run 27
1600 	2.203934 	3.565000
3200 	1.671480 	2.414725
4800 	1.442703 	1.887847
6400 	1.313941 	1.842114
8000 	1.388299 	2.246234
9600 	1.261053 	1.626233
11200 	1.315823 	1.826131
Absolute Fitness 
5.000000

Run 28
1600 	1.964690 	3.101667
3200 	1.539844 	2.693325
4800 	1.366316 	1.926451
6400 	1.102905 	1.386422
8000 	1.160053 	1.825437
9600 	1.149733 	1.736256
11200 	1.502755 	2.105981
Absolute Fitness 
5.000000

Run 29
1600 	2.180881 	3.805000
3200 	1.486728 	2.013625
4800 	1.296410 	1.988961
6400 	1.096296 	1.806039
8000 	1.096822 	1.625050
9600 	1.076112 	1.567035
11200 	1.075297 	1.307031
Absolute Fitness 
5.000000

Run 30
1600 	2.291234 	3.525000
3200 	1.774913 	2.750225
4800 	1.462244 	2.299267
6400 	1.184945 	1.811496
8000 	1.130457 	1.546035
9600 	1.042371 	1.545740
11200 	1.055254 	1.407025
Absolute Fitness 
5.000000

